100
-1000000.000000 -860328.584699 0
-999799.979998 -923774.424917 0
-999599.959996 -845127.135789 0
-999399.939994 -757540.998758 0
-999199.919992 -933207.316670 0
-998999.899990 -933153.669692 0
-998799.879988 -751766.687246 0
-998599.859986 -832892.490681 0
-998399.839984 -956531.396989 0
-998199.819982 -855275.948837 0
-997999.799980 -955821.717276 0
-997799.779978 -956000.918151 0
-997599.759976 -885179.710437 0
-997399.739974 -1100651.956859 0
-997199.719972 -1081763.710444 0
-996999.699970 -965448.674916 0
-996799.679968 -1010451.028825 0
-996599.659966 -877691.178332 0
-996399.639964 -999866.313943 0
-996199.619962 -1050242.271324 0
-995999.599960 -762395.019097 0
-995799.579958 -931485.520838 0
-995599.559956 -902103.065120 0
-995399.539954 -1051278.699009 0
-995199.519952 -963190.147640 0
-994999.499950 -897607.611016 0
-994799.479948 -1023747.222529 0
-994599.459946 -871026.057751 0
-994399.439944 -968607.723377 0
-994199.419942 -937661.224164 0
-993999.399940 -968610.505207 0
-993799.379938 -723160.020333 0
-993599.359936 -909685.556057 0
-993399.339934 -1014054.921278 0
-993199.319932 -825977.331972 0
-992999.299930 -1030264.182979 0
-992799.279928 -887241.453281 0
-992599.259926 -1104042.819969 0
-992399.239924 -1040842.407270 0
-992199.219922 -888285.673593 0
-991999.199920 -834073.133980 0
-991799.179918 -890730.958660 0
-991599.159916 -919380.609817 0
-991399.139914 -937874.145937 0
-991199.119912 -1055563.970214 0
-990999.099910 -979644.186816 0
-990799.079908 -953671.637872 0
-990599.059906 -801843.532954 0
-990399.039904 -873141.921418 0
-990199.019902 -1083755.760711 0
-989998.999900 -874991.343035 0
-989798.979898 -945855.962815 0
-989598.959896 -974987.929604 0
-989398.939894 -846076.095488 0
-989198.919892 -804091.766922 0
-988998.899890 -814011.702060 0
-988798.879888 -991009.461093 0
-988598.859886 -937956.941155 0
-988398.839884 -873857.355229 0
-988198.819882 -809377.180457 0
-987998.799880 -954797.111753 0
-987798.779878 -925393.580435 0
-987598.759876 -1017409.174968 0
-987398.739874 -1026344.334775 0
-987198.719872 -825419.084927 0
-986998.699870 -770995.659109 0
-986798.679868 -913768.668924 0
-986598.659866 -806162.361776 0
-986398.639864 -870300.043860 0
-986198.619862 -970923.616625 0
-985998.599860 -870220.075413 0
-985798.579858 -752503.974116 0
-985598.559856 -909838.229474 0
-985398.539854 -749739.254781 0
-985198.519852 -1168126.125570 0
-984998.499850 -823909.359523 0
-984798.479848 -897342.897937 0
-984598.459846 -935896.334607 0
-984398.439844 -896767.516706 0
-984198.419842 -1104648.480619 0
-983998.399840 -927806.772742 0
-983798.379838 -870076.321607 0
-983598.359836 -757946.169083 0
-983398.339834 -957510.590184 0
-983198.319832 -986480.923446 0
-982998.299830 -955755.262314 0
-982798.279828 -813987.340985 0
-982598.259826 -872600.436589 0
-982398.239824 -958399.562731 0
-982198.219822 -854044.793842 0
-981998.199820 -895611.777018 0
-981798.179818 -808403.027699 0
-981598.159816 -975420.830940 0
-981398.139814 -937929.731011 0
-981198.119812 -944322.326464 0
-980998.099810 -1051411.000764 0
-980798.079808 -875395.473044 0
-980598.059806 -878849.968332 0
-980398.039804 -904392.144685 0
-980198.019802 -928310.198486 0
-1000000.000000 632150.526951 1
-999799.979998 669400.048694 1
-999599.959996 640161.883894 1
-999399.939994 710891.789693 1
-999199.919992 819517.833144 1
-998999.899990 622645.759283 1
-998799.879988 799782.019774 1
-998599.859986 621482.757762 1
-998399.839984 614837.238746 1
-998199.819982 781409.416830 1
-997999.799980 791693.587796 1
-997799.779978 784590.938671 1
-997599.759976 567820.199172 1
-997399.739974 652754.837186 1
-997199.719972 781598.789193 1
-996999.699970 703404.109049 1
-996799.679968 591830.635372 1
-996599.659966 744981.708904 1
-996399.639964 627619.184092 1
-996199.619962 878502.389830 1
-995999.599960 853484.046232 1
-995799.579958 759359.637625 1
-995599.559956 835000.560466 1
-995399.539954 705329.020001 1
-995199.519952 775343.629426 1
-994999.499950 846521.904518 1
-994799.479948 723249.738166 1
-994599.459946 673131.147835 1
-994399.439944 528137.664168 1
-994199.419942 690236.502413 1
-993999.399940 780842.168441 1
-993799.379938 793013.187741 1
-993599.359936 748836.346556 1
-993399.339934 644219.925487 1
-993199.319932 500617.673088 1
-992999.299930 648728.315182 1
-992799.279928 667765.332877 1
-992599.259926 666856.918262 1
-992399.239924 759955.445679 1
-992199.219922 896617.446082 1
-991999.199920 710352.720164 1
-991799.179918 676276.616064 1
-991599.159916 671977.608679 1
-991399.139914 710288.261669 1
-991199.119912 614970.403943 1
-990999.099910 709769.630852 1
-990799.079908 742781.003610 1
-990599.059906 718618.371334 1
-990399.039904 743353.953376 1
-990199.019902 740924.515910 1
-989998.999900 520310.081750 1
-989798.979898 761136.760814 1
-989598.959896 630298.255408 1
-989398.939894 587765.818673 1
-989198.919892 586854.547187 1
-988998.899890 740603.886020 1
-988798.879888 674942.227250 1
-988598.859886 528952.836573 1
-988398.839884 744903.491490 1
-988198.819882 553088.891891 1
-987998.799880 710981.835822 1
-987798.779878 720799.587537 1
-987598.759876 785457.398139 1
-987398.739874 875018.163615 1
-987198.719872 560332.047378 1
-986998.699870 691502.289361 1
-986798.679868 669066.140463 1
-986598.659866 740024.633563 1
-986398.639864 718166.537059 1
-986198.619862 661295.030692 1
-985998.599860 652409.431104 1
-985798.579858 584804.559446 1
-985598.559856 795185.798205 1
-985398.539854 742270.053123 1
-985198.519852 788076.449743 1
-984998.499850 665210.011315 1
-984798.479848 630516.073093 1
-984598.459846 588318.108299 1
-984398.439844 731991.368335 1
-984198.419842 592070.282508 1
-983998.399840 880865.906857 1
-983798.379838 565185.336850 1
-983598.359836 723265.601880 1
-983398.339834 852535.055680 1
-983198.319832 755708.555884 1
-982998.299830 713316.946207 1
-982798.279828 598851.205261 1
-982598.259826 557472.646100 1
-982398.239824 772604.570848 1
-982198.219822 846164.279033 1
-981998.199820 651614.550907 1
-981798.179818 581543.394193 1
-981598.159816 449582.596899 1
-981398.139814 597273.050587 1
-981198.119812 683933.845703 1
-980998.099810 855161.849036 1
-980798.079808 762512.889175 1
-980598.059806 725658.055422 1
-980398.039804 655087.543821 1
-980198.019802 636732.933225 1